0.0496344,30,0.00165448,1,0,6
0.017,30,0.000566667,2,0,6
0.012,30,0.0004,2,0,6
0.008,57,0.000140351,5,0,2
0.047,57,0.000824561,5,0,2
0.017,57,0.000298246,5,0,2
0.008,57,0.000140351,5,0,2
0.007,57,0.000122807,5,0,2
0.049,57,0.000859649,5,0,2
0.014,57,0.000245614,3,0,2
0.009,57,0.000157895,3,0,2
0.007,57,0.000122807,3,0,2
0.046,57,0.000807018,3,0,2
0.017,57,0.000298246,3,0,2
0.008,57,0.000140351,3,0,2
0.014,40,0.00035,2,0,3
0.057,40,0.001425,2,0,3
0.02,40,0.0005,2,0,3
0.147,40,0.003675,2,0,3
0.024,49,0.000489796,2,0,3
0.013,49,0.000265306,2,0,3
0.013,49,0.000265306,2,0,3
0.249,49,0.00508163,2,0,3
0.012,49,0.000244898,2,0,3
0.012,49,0.000244898,2,0,3
0.173,49,0.00353061,2,0,3
0.01,49,0.000204082,2,0,3
0.016,49,0.000326531,3,0,3
0.053,49,0.00108163,3,0,3
0.013,49,0.000265306,3,0,3
0.01,49,0.000204082,2,0,3
0.218,49,0.00444898,2,0,3
0.069,49,0.00140816,2,0,3
0.013,49,0.000265306,2,0,3
0.011,40,0.000275,2,0,3
0.133,40,0.003325,2,0,3
0.01,40,0.00025,2,0,3
0.01,40,0.00025,2,0,3
0.128,40,0.0032,2,0,3
0.01,40,0.00025,2,0,3
0.018,40,0.00045,2,0,3
0.008,40,0.0002,2,0,3
0.086,40,0.00215,2,0,3
0.042,40,0.00105,3,0,3
0.011,40,0.000275,3,0,3
0.01,40,0.00025,3,0,3
0.084,40,0.0021,3,0,3
0.047,40,0.001175,3,0,3
0.012,40,0.0003,3,0,3
0.013,40,0.000325,4,0,3
0.065,40,0.001625,4,0,3
0.017,40,0.000425,4,0,3
0.044,40,0.0011,4,0,3
0.024,40,0.0006,4,0,3
0.042,40,0.00105,4,0,3
0.013,40,0.000325,4,0,3
0.014,84,0.000166667,4,1,2
0.05,84,0.000595238,4,1,2
0.072,84,0.000857143,2,1,2
0.021,84,0.00025,3,1,2
0.063,89,0.000707865,1,1,0
0.222,64,0.00346875,2,1,0
1.692,64,0.0264375,2,1,0
0.054,64,0.00084375,2,1,0
0.053,64,0.000828125,2,1,0
0.025,64,0.000390625,2,1,0
0.031,64,0.000484375,2,1,0
0.135,64,0.00210938,2,1,0
0.027,72,0.000375,3,0,0
1.479,72,0.0205417,3,0,0
0.104,72,0.00144444,3,0,0
0.826,72,0.0114722,3,0,0
0.016,72,0.000222222,3,0,0
0.046,72,0.000638889,3,0,0
0.037,72,0.000513889,3,0,0
0.115,72,0.00159722,3,0,0
0.005,72,6.94444e-05,3,0,0
0.018,80,0.000225,3,0,0
0.069,89,0.000775281,4,0,0
0.475,80,0.0059375,3,0,0
0.714,80,0.008925,3,0,0
0.109,80,0.0013625,2,0,0
0.051,80,0.0006375,2,0,0
0.416,80,0.0052,2,0,0
1.302,80,0.016275,4,0,0
0.039,80,0.0004875,3,0,0
0.045,80,0.0005625,3,0,0
0.088,80,0.0011,3,0,0
0.071,80,0.0008875,3,0,0
0.248,80,0.0031,3,0,0
0.042,80,0.000525,3,0,0
0.301,80,0.0037625,3,0,0
0.619,80,0.0077375,3,0,0
0.066,80,0.000825,3,0,0
0.168,80,0.0021,3,0,0
0.148,80,0.00185,3,0,0
0.257,80,0.0032125,3,0,0
0.058,80,0.000725,4,0,0
0.059,80,0.0007375,4,0,0
0.248,80,0.0031,4,0,0
0.192,80,0.0024,5,0,0
0.379,48,0.00789583,1,0,3
0.017,40,0.000425,3,0,3
0.135,40,0.003375,3,0,3
0.059,40,0.001475,4,0,3
0.007,40,0.000175,4,0,3
0.008,49,0.000163265,1,0,3
0.065,49,0.00132653,1,0,3
0.008,49,0.000163265,1,0,3
0.007,49,0.000142857,2,0,3
0.061,49,0.0012449,2,0,3
0.011,49,0.00022449,2,0,3
0.01,49,0.000204082,2,0,3
0.062,49,0.00126531,2,0,3
0.008,49,0.000163265,2,0,3
0.006,49,0.000122449,2,0,3
0.065,49,0.00132653,2,0,3
0.01,49,0.000204082,2,0,3
0.01,49,0.000204082,2,0,3
0.065,49,0.00132653,2,0,3
0.008,49,0.000163265,2,0,3
0.007,49,0.000142857,2,0,3
0.065,49,0.00132653,2,0,3
0.008,49,0.000163265,2,0,3
0.006,49,0.000122449,2,0,3
0.065,49,0.00132653,2,0,3
0.008,49,0.000163265,2,0,3
0.006,49,0.000122449,2,0,3
0.066,49,0.00134694,2,0,3
0.008,49,0.000163265,2,0,3
0.006,49,0.000122449,2,0,3
0.065,49,0.00132653,2,0,3
0.008,49,0.000163265,2,0,3
0.007,49,0.000142857,2,0,3
0.065,49,0.00132653,2,0,3
0.008,49,0.000163265,2,0,3
0.006,49,0.000122449,2,0,3
0.066,49,0.00134694,2,0,3
0.008,49,0.000163265,2,0,3
0.006,49,0.000122449,2,0,3
0.065,49,0.00132653,2,0,3
0.008,49,0.000163265,2,0,3
0.006,49,0.000122449,2,0,3
0.066,49,0.00134694,2,0,3
0.008,49,0.000163265,2,0,3
0.005,49,0.000102041,2,0,3
0.021,49,0.000428571,2,0,3
0.022,49,0.00044898,2,0,3
0.022,49,0.00044898,2,0,3
0.008,49,0.000163265,2,0,3
0.005,49,0.000102041,2,0,3
0.021,49,0.000428571,2,0,3
0.023,49,0.000469388,2,0,3
0.022,49,0.00044898,2,0,3
0.008,49,0.000163265,2,0,3
0.006,49,0.000122449,2,0,3
0.066,49,0.00134694,2,0,3
0.008,49,0.000163265,2,0,3
0.006,49,0.000122449,2,0,3
0.012,49,0.000244898,2,0,3
0.042,49,0.000857143,2,0,3
0.012,49,0.000244898,2,0,3
0.008,49,0.000163265,2,0,3
0.006,49,0.000122449,2,0,3
0.065,49,0.00132653,2,0,3
0.008,49,0.000163265,2,0,3
0.006,49,0.000122449,2,0,3
0.065,49,0.00132653,2,0,3
0.008,49,0.000163265,2,0,3
0.006,49,0.000122449,2,0,3
0.066,49,0.00134694,2,0,3
0.008,49,0.000163265,2,0,3
0.009,40,0.000225,1,0,4
0.188,40,0.0047,1,0,4
0.007,40,0.000175,1,0,4
0.007,40,0.000175,2,0,4
0.187,40,0.004675,2,0,4
0.007,40,0.000175,2,0,4
0.007,40,0.000175,3,0,4
0.083,40,0.002075,3,0,4
0.083,40,0.002075,3,0,4
0.007,40,0.000175,3,0,4
0.007,48,0.000145833,2,0,4
0.119,48,0.00247917,2,0,4
0.018,48,0.000375,2,0,4
0.032,48,0.000666667,2,0,4
0.052,48,0.00108333,2,0,4
0.08,48,0.00166667,2,0,4
0.086,48,0.00179167,1,0,4
0.076,48,0.00158333,2,0,4
0.011,48,0.000229167,2,0,4
0.013,48,0.000270833,2,0,4
0.26,89,0.00292135,1,0,4
0.368,89,0.00413483,4,0,0
0.9,84,0.0107143,2,0,0
0.431,89,0.0048427,4,0,0
0.094,89,0.00105618,3,0,0
0.038,89,0.000426966,3,0,0
0.47,89,0.0052809,3,0,0
0.341,89,0.00383146,4,0,0
0.073,89,0.000820225,3,0,0
0.109,89,0.00122472,3,0,0
0.049,89,0.000550562,4,0,0
0.645,89,0.00724719,3,0,0
0.017,89,0.000191011,4,0,0
0.72,89,0.00808989,3,0,0
0.19,89,0.00213483,4,0,0
0.889,89,0.00998876,3,0,0
0.144,89,0.00161798,4,0,0
0.452,89,0.00507865,3,0,0
0.049,89,0.000550562,3,0,0
0.733,80,0.0091625,3,0,0
0.084,80,0.00105,3,0,0
0.027,80,0.0003375,4,0,0
0.021,80,0.0002625,4,0,0
0.086,80,0.001075,4,0,0
0.436,56,0.00778571,3,0,0
0.114,84,0.00135714,1,0,0
0.136,84,0.00161905,1,0,0
0.273,84,0.00325,1,0,0
0.133,80,0.0016625,3,0,0
0.134,80,0.001675,3,0,0
0.614,32,0.0191875,1,0,0
0.13,32,0.0040625,1,0,0
0.299,72,0.00415278,2,0,0
0.325,72,0.00451389,2,0,0
0.19,72,0.00263889,2,0,0
0.044,72,0.000611111,2,0,0
0.132,72,0.00183333,2,0,0
0.223,84,0.00265476,1,0,2
0.104,84,0.0012381,1,0,2
0.025,48,0.000520833,4,0,2
0.097,48,0.00202083,4,0,2
0.023,48,0.000479167,4,0,2
0.062,48,0.00129167,4,0,2
0.093,48,0.0019375,4,0,2
0.01,48,0.000208333,4,0,2
0.019,49,0.000387755,2,0,3
0.037,49,0.000755102,2,0,3
0.02,49,0.000408163,2,0,3
0.01,49,0.000204082,2,0,3
0.043,49,0.000877551,2,0,3
0.013,49,0.000265306,2,0,3
0.014,49,0.000285714,2,0,3
0.012,49,0.000244898,2,0,3
0.015,49,0.000306122,2,0,3
0.006,49,0.000122449,2,0,3
0.052,49,0.00106122,2,0,3
0.044,49,0.000897959,2,0,3
0.102,49,0.00208163,2,0,3
0.007,49,0.000142857,2,0,3
0.009,49,0.000183673,2,0,3
0.07,49,0.00142857,2,0,3
0.008,49,0.000163265,2,0,3
0.009,49,0.000183673,2,0,3
0.126,49,0.00257143,2,0,3
0.011,49,0.00022449,2,0,3
0.012,40,0.0003,1,0,4
0.063,40,0.001575,1,0,4
0.064,40,0.0016,1,0,4
0.077,40,0.001925,1,0,4
0.076,40,0.0019,1,0,4
0.011,30,0.000366667,1,0,6
0.037,40,0.000925,1,0,4
0.008,20,0.0004,1,0,7
0.036,20,0.0018,1,0,7
0.02,20,0.001,1,0,7
0.016,20,0.0008,1,0,7
0.01,20,0.0005,1,0,7
0.021,20,0.00105,1,0,7
0.034,20,0.0017,1,0,7
0.019,20,0.00095,1,0,7
0.02,20,0.001,1,0,7
0.104,15,0.00693333,1,0,7
